

BestSolution_Mean = 5.80508474576
BestSolution_CoeffVariance = 0.412847786362
FirstLocalMinStep_Mean = 22.7203389831
FirstLocalMinStep_CoeffVariance = 0.157587649944
FirstLocalMinStep_Median = 23
FirstLocalMinStep_Q.10 = 18
FirstLocalMinStep_Q.90 = 27
BestAvgImprovement_Mean = 1.33756161214
BestAvgImprovement_CoeffVariance = 0.250889353074
FirstLocalMinRatio_Mean = 0.896672941359
FirstLocalMinRatio_CoeffVariance = 0.078263516061
EstACL_Mean = 620.870287796
SuccessfulRuns = 1


